t links init

t nodes init
a 1 -111.9262877 33.43121759999999 0 0 0
a 2 -111.9262851 33.432 0 0 0
a 3 -111.9303125999999 33.4236793 0 0 0
a 4 -111.9290797999999 33.42429889999999 0 0 0
a 5 -111.9402999999999 33.42434349999999 0 0 0
a 6 -111.940071 33.424345 0 0 0
a 7 -111.9376333999999 33.42435669999999 0 0 0
a 8 -111.936666 33.42435909999999 0 0 0
a 9 -111.9349818999999 33.4243327 0 0 0
a 10 -111.9389443 33.41529539999999 0 0 0
a 11 -111.9382922 33.4149218 0 0 0
a 12 -111.9373669 33.41464659999999 0 0 0
a 13 -111.9370215999999 33.41460839999999 0 0 0
a 14 -111.940077 33.42646239999999 0 0 0
a 15 -111.9402999999999 33.42646419999999 0 0 0
a 16 -111.9400858 33.4219347 0 0 0
a 17 -111.9400696 33.42101029999999 0 0 0
a 18 -111.940038 33.41906629999999 0 0 0
a 19 -111.9402999999999 33.41906329999999 0 0 0
a 20 -111.936661 33.4219091 0 0 0
a 21 -111.9349689999999 33.42191609999999 0 0 0
a 22 -111.939526 33.4273825 0 0 0
a 23 -111.9399671999999 33.4273845 0 0 0
a 24 -111.9394151 33.42550709999999 0 0 0
a 25 -111.9366724 33.425511 0 0 0
a 26 -111.9288523 33.4180544 0 0 0
a 27 -111.9294119999999 33.41663989999999 0 0 0
a 28 -111.9293059999999 33.4286668 0 0 0
a 29 -111.9262379 33.42097629999999 0 0 0
a 30 -111.9261 33.420948 0 0 0
a 31 -111.9366323999999 33.4174773 0 0 0
a 32 -111.936615 33.41620499999999 0 0 0
a 33 -111.9365983999999 33.41474099999999 0 0 0
a 34 -111.9370825 33.4144 0 0 0
a 35 -111.9370851999999 33.4145236 0 0 0
a 36 -111.9381321999999 33.4190867 0 0 0
a 37 -111.9398532999999 33.4190667 0 0 0
a 38 -111.9381506 33.42189869999999 0 0 0
a 39 -111.9381319999999 33.42051539999999 0 0 0
a 40 -111.9349858 33.42509079999999 0 0 0
a 41 -111.9349768999999 33.423206 0 0 0
a 42 -111.9349689999999 33.4220021 0 0 0
a 43 -111.939981 33.4162084 0 0 0
a 44 -111.9402999999999 33.41620329999999 0 0 0
a 45 -111.9289334 33.42025929999999 0 0 0
a 46 -111.9278824 33.42027749999999 0 0 0
a 47 -111.939166 33.41471669999999 0 0 0
a 48 -111.9391521999999 33.4204981 0 0 0
a 49 -111.9398764999999 33.42049099999999 0 0 0
a 50 -111.9399709 33.4231952 0 0 0
a 51 -111.9381685 33.42319549999999 0 0 0
a 52 -111.9366653999999 33.4232048 0 0 0
a 53 -111.9400253 33.41762489999999 0 0 0
a 54 -111.9402999999999 33.41762769999999 0 0 0
a 55 -111.937415 33.430404 0 0 0
a 56 -111.935676 33.43043579999999 0 0 0
a 57 -111.9349284999999 33.4300573 0 0 0
a 58 -111.9346716999999 33.4298726 0 0 0
a 59 -111.9400645 33.4312508 0 0 0
a 60 -111.940126 33.4316795 0 0 0
a 61 -111.9402999999999 33.4308807 0 0 0
a 62 -111.9401399 33.43032089999999 0 0 0
a 63 -111.9262889999999 33.42984129999999 0 0 0
a 64 -111.9402999999999 33.41470749999999 0 0 0
a 65 -111.940196 33.4147084 0 0 0
a 66 -111.9381424 33.41499819999999 0 0 0
a 67 -111.9399109999999 33.4147844 0 0 0
a 68 -111.9314004999999 33.4183668 0 0 0
a 69 -111.9288535999999 33.4184375 0 0 0
a 70 -111.926292 33.4146937 0 0 0
a 71 -111.9261 33.4146985 0 0 0
a 72 -111.930665 33.4146657 0 0 0
a 73 -111.9306655 33.4144 0 0 0
a 74 -111.930164 33.42307129999999 0 0 0
a 75 -111.9294898999999 33.4227512 0 0 0
a 76 -111.9349416 33.4254115 0 0 0
a 77 -111.9337689999999 33.4249658 0 0 0
a 78 -111.9312620999999 33.4233557 0 0 0
a 79 -111.9304115 33.42318759999999 0 0 0
a 80 -111.9321774999999 33.4242506 0 0 0
a 81 -111.9334558999999 33.4250076 0 0 0
a 82 -111.9339518999999 33.4251973 0 0 0
a 83 -111.9366801 33.4176179 0 0 0
a 84 -111.9396413999999 33.4176196 0 0 0
a 85 -111.9349555999999 33.41611309999999 0 0 0
a 86 -111.933266 33.4160668 0 0 0
a 87 -111.9402999999999 33.4147855 0 0 0
a 88 -111.9366650999999 33.4223635 0 0 0
a 89 -111.9400241 33.41745579999999 0 0 0
a 90 -111.9398438999999 33.4174549 0 0 0
a 91 -111.939492 33.4160741 0 0 0
a 92 -111.9400669999999 33.42738489999999 0 0 0
a 93 -111.9399322999999 33.42193559999999 0 0 0
a 94 -111.9399650999999 33.42292009999999 0 0 0
a 95 -111.939963 33.42957729999999 0 0 0
a 96 -111.9399669999999 33.42968139999999 0 0 0
a 97 -111.9262229999999 33.4245011 0 0 0
a 98 -111.9262149 33.42750949999999 0 0 0
a 99 -111.9262855 33.4290006 0 0 0
a 100 -111.9262930999999 33.42947869999999 0 0 0
a 101 -111.9263865 33.42401449999999 0 0 0
a 102 -111.9263882 33.4238834 0 0 0
a 103 -111.9263823999999 33.42334189999999 0 0 0
a 104 -111.9262286999999 33.4233394 0 0 0
a 105 -111.9261 33.42333969999999 0 0 0
a 106 -111.9262331 33.4228357 0 0 0
a 107 -111.9261 33.42326179999999 0 0 0
a 108 -111.9292906999999 33.429813 0 0 0
a 109 -111.9293049999999 33.4287835 0 0 0
a 110 -111.9350938999999 33.43034409999999 0 0 0
a 111 -111.9366624 33.42199149999999 0 0 0
a 112 -111.939969 33.42434459999999 0 0 0
a 113 -111.9392662999999 33.42434879999999 0 0 0
a 114 -111.930762 33.4220419 0 0 0
a 115 -111.9339953 33.42201219999999 0 0 0
a 116 -111.9399683999999 33.42977499999999 0 0 0
a 117 -111.9399803 33.43019939999999 0 0 0
a 118 -111.9391605999999 33.41450629999999 0 0 0
a 119 -111.9396432 33.41454269999999 0 0 0
a 120 -111.9400909999999 33.42966779999999 0 0 0
a 121 -111.926299 33.4195429 0 0 0
a 122 -111.9263054999999 33.41998319999999 0 0 0
a 123 -111.93992 33.4154527 0 0 0
a 124 -111.9396045 33.41595619999999 0 0 0
a 125 -111.9363199999999 33.4255111 0 0 0
a 126 -111.9353780999999 33.42550829999999 0 0 0
a 127 -111.9350826 33.4254772 0 0 0
a 128 -111.9400789999999 33.4255092 0 0 0
a 129 -111.9399659 33.4255082 0 0 0
a 130 -111.9398347999999 33.41703249999999 0 0 0
a 131 -111.9400789 33.424691 0 0 0
a 132 -111.9399817999999 33.4275753 0 0 0
a 133 -111.9399894 33.4281863 0 0 0
a 134 -111.934959 33.4147529 0 0 0
a 135 -111.9361331 33.4147441 0 0 0
a 136 -111.932805 33.41476449999999 0 0 0
a 137 -111.9342173 33.4147571 0 0 0
a 138 -111.9349567 33.4155062 0 0 0
a 139 -111.937493 33.4305413 0 0 0
a 140 -111.9388275 33.4298464 0 0 0
a 141 -111.9399169 33.4151943 0 0 0
a 142 -111.9366035999999 33.4145994 0 0 0
a 143 -111.931443 33.4146608 0 0 0
a 144 -111.9300149 33.4147941 0 0 0
a 145 -111.9306617 33.4147862 0 0 0
a 146 -111.9335205 33.41464549999999 0 0 0
a 147 -111.932794 33.4146458 0 0 0
a 148 -111.9322176999999 33.4147716 0 0 0
a 149 -111.926748 33.414692 0 0 0
a 150 -111.9261 33.41483019999999 0 0 0
a 151 -111.9262851999999 33.41482859999999 0 0 0
a 152 -111.934955 33.4146147 0 0 0
a 153 -111.929145 33.41466739999999 0 0 0
a 154 -111.927372 33.4146858 0 0 0
a 155 -111.9273945999999 33.4148143 0 0 0
a 156 -111.9400226 33.41742479999999 0 0 0
a 157 -111.9399489 33.4167178 0 0 0
a 158 -111.9398501999999 33.41868809999999 0 0 0
a 159 -111.9398505 33.41873729999999 0 0 0
a 160 -111.9398611 33.4195538 0 0 0
a 161 -111.9398625999999 33.41977609999999 0 0 0
a 162 -111.9398989999999 33.42150639999999 0 0 0
a 163 -111.9398661999999 33.4200134 0 0 0
a 164 -111.9398606 33.4193366 0 0 0
a 165 -111.9398850999999 33.42117029999999 0 0 0
a 166 -111.9398956999999 33.42128929999999 0 0 0
a 167 -111.9398699999999 33.42023629999999 0 0 0
a 168 -111.9400397999999 33.41943679999999 0 0 0
a 169 -111.9398424 33.41762109999999 0 0 0
a 170 -111.9399705999999 33.4249019 0 0 0
a 171 -111.9399693999999 33.4252155 0 0 0
a 172 -111.9400679999999 33.42319559999999 0 0 0
a 173 -111.9400741 33.42252739999999 0 0 0
a 174 -111.9400674 33.42344659999999 0 0 0
a 175 -111.9400784999999 33.4260353 0 0 0
a 176 -111.9399724 33.42460289999999 0 0 0
a 177 -111.939969 33.4240329 0 0 0
a 178 -111.93997 33.4264657 0 0 0
a 179 -111.9399733 33.427036 0 0 0
a 180 -111.9399889999999 33.42836789999999 0 0 0
a 181 -111.9399695999999 33.42614939999999 0 0 0
a 182 -111.9399887 33.4290761 0 0 0
a 183 -111.9399844999999 33.4292269 0 0 0
a 184 -111.9399679999999 33.4262632 0 0 0
a 185 -111.9399607999999 33.42949889999999 0 0 0
a 186 -111.9400691 33.42776059999999 0 0 0
a 187 -111.9400695 33.42749109999999 0 0 0
a 188 -111.940087 33.4295692 0 0 0
a 189 -111.9273869999999 33.4220144 0 0 0
a 190 -111.9271822999999 33.42201709999999 0 0 0
a 191 -111.9264069999999 33.42202749999999 0 0 0
a 192 -111.9262544 33.4220295 0 0 0
a 193 -111.9295984999999 33.42201479999999 0 0 0
a 194 -111.9289409999999 33.4220194 0 0 0
a 195 -111.9285828999999 33.42201469999999 0 0 0
a 196 -111.9269656999999 33.42202 0 0 0
a 197 -111.9261 33.422032 0 0 0
a 198 -111.9390183999999 33.4219833 0 0 0
a 199 -111.9276681 33.4220143 0 0 0
a 200 -111.9284315999999 33.4220121 0 0 0
a 201 -111.9400949 33.42974989999999 0 0 0
a 202 -111.9401285999999 33.43020609999999 0 0 0
a 203 -111.9402999999999 33.42193329999999 0 0 0
a 204 -111.9300432999999 33.428825 0 0 0
a 205 -111.9305332999999 33.42892049999999 0 0 0
a 206 -111.9261 33.42888299999999 0 0 0
a 207 -111.9262829999999 33.42889569999999 0 0 0
a 208 -111.9279262 33.42894799999999 0 0 0
a 209 -111.9284571 33.4288722 0 0 0
a 210 -111.9272141 33.42882629999999 0 0 0
a 211 -111.926282 33.42878449999999 0 0 0
a 212 -111.9301346999999 33.42871099999999 0 0 0
a 213 -111.9300736 33.4286996 0 0 0
a 214 -111.9332433 33.4294457 0 0 0
a 215 -111.9333587999999 33.42945689999999 0 0 0
a 216 -111.9339779999999 33.4296433 0 0 0
a 217 -111.9357289999999 33.43059949999999 0 0 0
a 218 -111.9345888999999 33.429813 0 0 0
a 219 -111.9391348 33.42977049999999 0 0 0
a 220 -111.9340559999999 33.42948969999999 0 0 0
a 221 -111.9367443 33.4306915 0 0 0
a 222 -111.9322183 33.4292329 0 0 0
a 223 -111.9402999999999 33.42954739999999 0 0 0
a 224 -111.9402999999999 33.42964829999999 0 0 0
a 225 -111.9262954999999 33.41842439999999 0 0 0
a 226 -111.9262944 33.4185822 0 0 0
a 227 -111.9262935999999 33.4155005 0 0 0
a 228 -111.9263006999999 33.4163769 0 0 0
a 229 -111.9262999 33.41736159999999 0 0 0
a 230 -111.9262999999999 33.4175412 0 0 0
a 231 -111.926303 33.4168382 0 0 0
a 232 -111.9262832999999 33.4283177 0 0 0
a 233 -111.9263688 33.42751169999999 0 0 0
a 234 -111.9263971 33.42274619999999 0 0 0
a 235 -111.9262959999999 33.41913749999999 0 0 0
a 236 -111.9262989 33.4202366 0 0 0
a 237 -111.926298 33.4202694 0 0 0
a 238 -111.9263916 33.4208903 0 0 0
a 239 -111.9263018999999 33.42036149999999 0 0 0
a 240 -111.9262247999999 33.4242002 0 0 0
a 241 -111.9262465 33.42143029999999 0 0 0
a 242 -111.9263789999999 33.42500609999999 0 0 0
a 243 -111.926381 33.42450469999999 0 0 0
a 244 -111.9262454999999 33.42116 0 0 0
a 245 -111.9261 33.423428 0 0 0
a 246 -111.9262250999999 33.4237605 0 0 0
a 247 -111.9313006999999 33.42901719999999 0 0 0
a 248 -111.9289363999999 33.42158729999999 0 0 0
a 249 -111.9291931 33.41466729999999 0 0 0
a 250 -111.929147 33.41480119999999 0 0 0
a 251 -111.9402999999999 33.4232024 0 0 0
a 252 -111.9297889999999 33.4288004 0 0 0
a 253 -111.9312441999999 33.42914919999999 0 0 0
a 254 -111.9322312999999 33.4294306 0 0 0
a 255 -111.9326973999999 33.4294413 0 0 0
a 256 -111.9381867 33.43001339999999 0 0 0
a 257 -111.9398235 33.42958809999999 0 0 0
a 258 -111.9387779 33.42970439999999 0 0 0
a 259 -111.9343207 33.4298487 0 0 0
a 260 -111.9271066999999 33.414689 0 0 0
a 261 -111.9289988999999 33.4148027 0 0 0
a 262 -111.9381496 33.4219875 0 0 0
a 263 -111.9400547999999 33.4204918 0 0 0
a 264 -111.9307035 33.4220425 0 0 0
a 265 -111.9349576999999 33.41507229999999 0 0 0
a 266 -111.9337225 33.41464409999999 0 0 0
a 267 -111.9349509 33.4144 0 0 0
a 268 -111.9261 33.42013759999999 0 0 0
a 269 -111.9305745 33.4152628 0 0 0
a 270 -111.9301942999999 33.41583349999999 0 0 0
a 271 -111.9288801 33.41958689999999 0 0 0
a 272 -111.9289097 33.4200493 0 0 0
a 273 -111.9289636999999 33.4208706 0 0 0
a 274 -111.9289514999999 33.4212016 0 0 0
a 275 -111.9293023 33.42264149999999 0 0 0
a 276 -111.9291123999999 33.4224856 0 0 0
a 277 -111.9290591999999 33.4224134 0 0 0
a 278 -111.9349155 33.42547189999999 0 0 0
a 279 -111.9304264 33.4231132 0 0 0
a 280 -111.9358660999999 33.4255135 0 0 0
a 281 -111.9275130999999 33.4245054 0 0 0
a 282 -111.9401905999999 33.432 0 0 0
a 283 -111.9301513999999 33.4159779 0 0 0
a 284 -111.9306641999999 33.41527419999999 0 0 0
a 285 -111.9402999999999 33.420489 0 0 0
a 286 -111.9377644 33.42429049999999 0 0 0
a 287 -111.9327890999999 33.4144 0 0 0
a 288 -111.9275106999999 33.42333769999999 0 0 0
a 289 -111.9275109 33.423414 0 0 0
a 290 -111.9339884999999 33.42192349999999 0 0 0
a 291 -111.930762 33.42195199999999 0 0 0
a 292 -111.939909 33.41470939999999 0 0 0
a 293 -111.9261 33.41683179999999 0 0 0
a 294 -111.9366509999999 33.4212927 0 0 0
a 295 -111.9391011999999 33.42444989999999 0 0 0
a 296 -111.9399039 33.4144 0 0 0
a 297 -111.9308264 33.42195139999999 0 0 0
a 298 -111.9402999999999 33.4273837 0 0 0
a 299 -111.9262932999999 33.4144 0 0 0
a 300 -111.9263933 33.4228923 0 0 0
a 301 -111.9271660999999 33.41670189999999 0 0 0
a 302 -111.9275240999999 33.4220137 0 0 0
a 303 -111.9275128999999 33.42324469999999 0 0 0
a 304 -111.9266137 33.4220247 0 0 0
a 305 -111.9261 33.4287725 0 0 0
a 306 -111.9388399999999 33.42050679999999 0 0 0
a 307 -111.9402999999999 33.42550829999999 0 0 0
a 308 -111.9261 33.41991819999999 0 0 0
a* 938 -111.9391322 33.43043131999999 0 0 0
a* 939 -111.9347147999999 33.43092628 0 0 0
a* 940 -111.9304602999999 33.42968532999999 0 0 0
a* 941 -111.9261616999999 33.42988516999999 0 0 0
a* 942 -111.9186286 33.43141899999999 0 0 0
a* 943 -111.9392444 33.42631673999999 0 0 0
a* 944 -111.9355153 33.4260948 0 0 0
a* 945 -111.9300963 33.42672584999999 0 0 0
a* 946 -111.9271837 33.42508792 0 0 0
a* 947 -111.9208864 33.42663 0 0 0
a* 948 -111.9387482 33.42311112 0 0 0
a* 949 -111.9344624 33.42282697 0 0 0
a* 950 -111.930794 33.42260015 0 0 0
a* 951 -111.9265546 33.42293362 0 0 0
a* 952 -111.9208864 33.42305 0 0 0
a* 953 -111.9386831999999 33.41923467 0 0 0
a* 954 -111.9348688999999 33.41941098 0 0 0
a* 955 -111.9306672 33.41952741 0 0 0
a* 956 -111.926839 33.41979063 0 0 0
a* 957 -111.9208864 33.41946999999999 0 0 0
a* 958 -111.9391344 33.41620154 0 0 0
a* 959 -111.9347173 33.41598642 0 0 0
a* 960 -111.9295699 33.41552609 0 0 0
a* 961 -111.9269472 33.41538858999999 0 0 0
a* 962 -111.9208864 33.41588999999999 0 0 0

t links init
a 1 2 * a 3 3 1 56 1800 0
a 2 1 * a 3 3 1 56 1800 0
a 3 4 * a 6 1 1 30 1000 0
a 4 3 * a 6 1 1 30 1000 0
a 5 6 * a 6 1 1 40 1000 0
a 6 5 * a 6 1 1 40 1000 0
a 7 8 * a 6 1 1 40 1000 0
a 8 7 * a 6 1 1 40 1000 0
a 8 9 * a 6 1 1 40 1000 0
a 9 8 * a 6 1 1 40 1000 0
a 10 11 * a 3 2 1 80 1800 0
a 11 12 * a 3 2 1 80 1800 0
a 12 13 * a 3 2 1 80 1800 0
a 14 15 * a 6 1 1 40 1000 0
a 15 14 * a 6 1 1 40 1000 0
a 16 17 * a 3 3 1 48 1800 0
a 18 19 * a 6 1 1 30 1000 0
a 19 18 * a 6 1 1 30 1000 0
a 20 21 * a 4 2 1 56 1600 0
a 22 23 * a 15 1 1 40 800 0
a 23 22 * a 15 1 1 40 800 0
a 24 25 * a 5 1 1 48 1200 0
a 25 24 * a 5 1 1 48 1200 0
a 26 27 * a 5 1 1 40 1200 0
a 27 26 * a 5 1 1 40 1200 0
a 4 28 * a 15 1 1 30 800 0
a 28 4 * a 15 1 1 30 800 0
a 29 30 * a 5 1 1 48 1200 0
a 30 29 * a 5 1 1 48 1200 0
a 31 32 * a 6 1 1 24 1000 0
a 32 31 * a 6 1 1 24 1000 0
a 32 33 * a 6 1 1 24 1000 0
a 33 32 * a 6 1 1 24 1000 0
a 34 35 * a 6 1 1 40 1000 0
a 35 34 * a 6 1 1 40 1000 0
a 36 37 * a 6 1 1 24 1000 0
a 37 36 * a 6 1 1 24 1000 0
a 38 39 * a 6 1 1 24 1000 0
a 39 38 * a 6 1 1 24 1000 0
a 39 36 * a 6 1 1 24 1000 0
a 36 39 * a 6 1 1 24 1000 0
a 40 9 * a 5 1 1 40 1200 0
a 9 40 * a 5 1 1 40 1200 0
a 9 41 * a 5 1 1 40 1200 0
a 41 9 * a 5 1 1 40 1200 0
a 41 42 * a 5 1 1 40 1200 0
a 42 41 * a 5 1 1 40 1200 0
a 43 44 * a 6 1 1 30 1000 0
a 44 43 * a 6 1 1 30 1000 0
a 45 46 * a 6 1 1 24 1000 0
a 46 45 * a 6 1 1 24 1000 0
a 47 12 * a 6 1 1 30 1000 0
a 48 49 * a 6 1 1 24 1000 0
a 49 48 * a 6 1 1 24 1000 0
a 50 51 * a 6 1 1 40 1000 0
a 51 50 * a 6 1 1 40 1000 0
a 51 52 * a 6 1 1 40 1000 0
a 52 51 * a 6 1 1 40 1000 0
a 52 41 * a 6 1 1 40 1000 0
a 41 52 * a 6 1 1 40 1000 0
a 53 54 * a 6 1 1 40 1000 0
a 54 53 * a 6 1 1 40 1000 0
a 55 56 * a 4 2 1 56 1600 0
a 56 57 * a 4 2 1 56 1600 0
a 57 58 * a 4 2 1 56 1600 0
a 59 60 * a 3 2 1 48 1800 0
a 61 62 * a 3 2 1 48 1800 0
a 63 1 * a 3 3 1 56 1800 0
a 1 63 * a 3 3 1 56 1800 0
a 64 65 * a 6 1 1 30 1000 0
a 66 11 * a 6 1 1 30 1000 0
a 11 67 * a 6 1 1 30 1000 0
a 68 69 * a 6 1 1 24 1000 0
a 69 68 * a 6 1 1 24 1000 0
a 70 71 * a 3 2 1 56 1800 0
a 72 73 * a 6 1 1 40 1000 0
a 73 72 * a 6 1 1 40 1000 0
a 74 75 * a 5 1 1 48 1200 0
a 75 74 * a 5 1 1 48 1200 0
a 76 77 * a 5 1 1 48 1200 0
a 77 78 * a 5 1 1 48 1200 0
a 79 80 * a 5 1 1 48 1200 0
a 80 81 * a 5 1 1 48 1200 0
a 81 82 * a 5 1 1 48 1200 0
a 83 84 * a 6 1 1 24 1000 0
a 32 85 * a 6 1 1 24 1000 0
a 85 32 * a 6 1 1 24 1000 0
a 85 86 * a 6 1 1 24 1000 0
a 86 85 * a 6 1 1 24 1000 0
a 67 87 * a 6 1 1 30 1000 0
a 25 8 * a 6 1 1 40 1000 0
a 8 25 * a 6 1 1 40 1000 0
a 8 52 * a 6 1 1 40 1000 0
a 52 8 * a 6 1 1 40 1000 0
a 52 88 * a 6 1 1 40 1000 0
a 88 52 * a 6 1 1 40 1000 0
a 89 90 * a 6 1 1 30 1000 0
a 33 66 * a 3 4 1 80 1800 0
a 66 91 * a 3 4 1 80 1800 0
a 92 14 * a 3 2 1 48 1800 0
a 93 94 * a 3 2 1 48 1800 0
a 95 96 * a 3 2 1 48 1800 0
a 97 98 * a 3 3 1 56 1800 0
a 99 100 * a 3 3 1 56 1800 0
a 100 99 * a 3 4 1 56 1800 0
a 101 102 * a 3 4 1 56 1800 0
a 102 103 * a 3 4 1 56 1800 0
a 102 104 * a 3 1 1 80 1800 0
a 104 105 * a 3 1 1 80 1800 0
a 106 107 * a 3 1 1 80 1800 0
a 108 109 * a 15 1 1 30 800 0
a 109 108 * a 15 1 1 30 800 0
a 56 110 * a 4 1 1 60 1600 0
a 42 111 * a 4 2 1 56 1600 0
a 112 113 * a 6 1 1 40 1000 0
a 113 112 * a 6 1 1 40 1000 0
a 114 115 * a 4 2 1 56 1600 0
a 116 117 * a 3 2 1 48 1800 0
a 35 118 * a 6 1 1 40 1000 0
a 118 35 * a 6 1 1 40 1000 0
a 118 119 * a 6 1 1 40 1000 0
a 119 118 * a 6 1 1 40 1000 0
a 96 120 * a 4 2 1 56 1600 0
a 121 122 * a 3 4 1 56 1800 0
a 122 121 * a 3 3 1 56 1800 0
a 118 47 * a 6 1 1 40 1000 0
a 47 118 * a 6 1 1 40 1000 0
a 123 124 * a 4 2 1 60 1600 0
a 25 125 * a 5 1 1 48 1200 0
a 125 25 * a 5 1 1 48 1200 0
a 126 127 * a 5 1 1 48 1200 0
a 127 126 * a 5 1 1 48 1200 0
a 128 129 * a 5 1 1 48 1200 0
a 129 128 * a 5 1 1 48 1200 0
a 91 130 * a 3 2 1 80 1800 0
a 131 6 * a 3 2 1 48 1800 0
a 132 133 * a 3 2 1 48 1800 0
a 134 135 * a 3 2 1 56 1800 0
a 136 137 * a 3 2 1 56 1800 0
a 85 138 * a 5 1 1 24 1200 0
a 139 140 * a 4 2 1 56 1600 0
a 123 141 * a 4 3 1 56 1600 0
a 141 123 * a 4 2 1 56 1600 0
a 43 123 * a 4 2 1 60 1600 0
a 135 33 * a 3 3 1 56 1800 0
a 13 142 * a 3 3 1 80 1800 0
a 143 72 * a 3 3 1 56 1800 0
a 144 145 * a 3 3 1 56 1800 0
a 146 147 * a 3 2 1 56 1800 0
a 145 148 * a 3 2 1 56 1800 0
a 137 134 * a 3 3 1 56 1800 0
a 148 136 * a 3 3 1 56 1800 0
a 149 70 * a 3 3 1 56 1800 0
a 150 151 * a 3 3 1 56 1800 0
a 147 143 * a 3 2 1 56 1800 0
a 142 152 * a 3 2 1 56 1800 0
a 153 154 * a 3 2 1 56 1800 0
a 151 155 * a 3 2 1 56 1800 0
a 156 157 * a 3 3 1 48 1800 0
a 158 159 * a 3 3 1 56 1800 0
a 160 161 * a 3 2 1 48 1800 0
a 162 93 * a 3 4 1 48 1800 0
a 161 163 * a 3 2 1 48 1800 0
a 164 160 * a 3 2 1 48 1800 0
a 165 166 * a 3 3 1 48 1800 0
a 163 167 * a 3 2 1 48 1800 0
a 49 165 * a 3 2 1 48 1800 0
a 159 37 * a 3 3 1 56 1800 0
a 37 164 * a 3 2 1 48 1800 0
a 167 49 * a 3 3 1 48 1800 0
a 168 18 * a 3 4 1 48 1800 0
a 169 158 * a 3 2 1 48 1800 0
a 18 53 * a 3 3 1 48 1800 0
a 170 171 * a 3 3 1 48 1800 0
a 172 173 * a 3 2 1 48 1800 0
a 174 172 * a 3 2 1 48 1800 0
a 175 128 * a 3 3 1 48 1800 0
a 176 170 * a 3 1 1 48 1800 0
a 177 112 * a 3 3 1 48 1800 0
a 6 174 * a 3 1 1 48 1800 0
a 128 131 * a 3 1 1 48 1800 0
a 173 16 * a 3 5 1 48 1800 0
a 178 179 * a 3 2 1 48 1800 0
a 133 180 * a 3 3 1 48 1800 0
a 129 181 * a 3 1 1 48 1800 0
a 182 183 * a 3 2 1 48 1800 0
a 94 50 * a 3 2 1 48 1800 0
a 181 184 * a 3 3 1 48 1800 0
a 50 177 * a 3 2 1 48 1800 0
a 183 185 * a 3 3 1 48 1800 0
a 179 23 * a 3 3 1 48 1800 0
a 180 182 * a 3 2 1 48 1800 0
a 186 187 * a 3 3 1 48 1800 0
a 188 186 * a 3 1 1 48 1800 0
a 189 190 * a 4 4 1 56 1600 0
a 190 189 * a 4 2 1 56 1600 0
a 191 192 * a 4 3 1 64 1600 0
a 192 191 * a 4 3 1 64 1600 0
a 193 194 * a 4 3 1 56 1600 0
a 194 193 * a 4 2 1 56 1600 0
a 194 195 * a 4 2 1 56 1600 0
a 195 194 * a 4 3 1 56 1600 0
a 190 196 * a 4 4 1 56 1600 0
a 196 190 * a 4 2 1 56 1600 0
a 192 197 * a 4 2 1 64 1600 0
a 197 192 * a 4 5 1 64 1600 0
a 198 93 * a 4 4 1 56 1600 0
a 199 200 * a 4 2 1 56 1600 0
a 201 120 * a 3 2 1 48 1800 0
a 202 201 * a 3 3 1 48 1800 0
a 16 203 * a 3 2 1 56 1800 0
a 203 16 * a 3 4 1 56 1800 0
a 204 205 * a 4 3 1 56 1600 0
a 206 207 * a 4 5 1 56 1600 0
a 208 209 * a 4 3 1 56 1600 0
a 210 211 * a 4 5 1 56 1600 0
a 207 208 * a 4 2 1 56 1600 0
a 209 109 * a 4 5 1 56 1600 0
a 212 213 * a 4 5 1 56 1600 0
a 214 215 * a 4 3 1 56 1600 0
a 213 28 * a 4 5 1 56 1600 0
a 215 216 * a 4 5 1 56 1600 0
a 28 210 * a 4 2 1 56 1600 0
a 110 217 * a 4 2 1 56 1600 0
a 58 218 * a 4 4 1 56 1600 0
a 219 96 * a 4 4 1 56 1600 0
a 218 220 * a 4 4 1 56 1600 0
a 221 139 * a 4 3 1 56 1600 0
a 220 222 * a 4 2 1 56 1600 0
a 223 188 * a 4 3 1 56 1600 0
a 120 224 * a 4 2 1 56 1600 0
a 225 226 * a 3 3 1 56 1800 0
a 226 225 * a 3 3 1 56 1800 0
a 227 228 * a 3 3 1 80 1800 0
a 228 227 * a 3 3 1 80 1800 0
a 211 207 * a 3 3 1 56 1800 0
a 207 211 * a 3 3 1 56 1800 0
a 229 230 * a 3 3 1 56 1800 0
a 230 229 * a 3 3 1 56 1800 0
a 70 151 * a 3 3 1 56 1800 0
a 151 70 * a 3 3 1 56 1800 0
a 231 229 * a 3 3 1 56 1800 0
a 229 231 * a 3 4 1 56 1800 0
a 232 233 * a 3 3 1 56 1800 0
a 234 191 * a 3 6 1 56 1800 0
a 226 235 * a 3 4 1 56 1800 0
a 235 226 * a 3 3 1 56 1800 0
a 236 237 * a 3 3 1 56 1800 0
a 237 236 * a 3 3 1 56 1800 0
a 232 211 * a 3 6 1 56 1800 0
a 211 232 * a 3 3 1 56 1800 0
a 235 121 * a 3 3 1 56 1800 0
a 121 235 * a 3 3 1 56 1800 0
a 238 239 * a 3 4 1 56 1800 0
a 100 63 * a 3 3 1 56 1800 0
a 63 100 * a 3 3 1 56 1800 0
a 240 97 * a 3 4 1 56 1800 0
a 241 192 * a 3 5 1 56 1800 0
a 151 227 * a 3 3 1 80 1800 0
a 227 151 * a 3 5 1 80 1800 0
a 228 231 * a 3 4 1 80 1800 0
a 231 228 * a 3 3 1 80 1800 0
a 242 243 * a 3 4 1 56 1800 0
a 230 225 * a 3 3 1 56 1800 0
a 225 230 * a 3 3 1 56 1800 0
a 191 238 * a 3 3 1 56 1800 0
a 239 29 * a 3 3 1 56 1800 0
a 29 244 * a 3 3 1 56 1800 0
a 192 106 * a 3 3 1 56 1800 0
a 245 246 * a 3 1 1 80 1800 0
a 247 212 * a 4 2 1 56 1600 0
a 110 57 * a 4 1 1 60 1600 0
a 194 248 * a 5 1 1 40 1200 0
a 248 194 * a 5 3 1 40 1200 0
a 237 239 * a 3 3 1 56 1800 0
a 239 237 * a 3 3 1 56 1800 0
a 72 249 * a 3 2 1 56 1800 0
a 249 153 * a 3 2 1 56 1800 0
a 250 144 * a 3 2 1 56 1800 0
a 251 172 * a 6 1 1 40 1000 0
a 172 251 * a 6 1 1 40 1000 0
a 28 109 * a 15 1 1 56 800 0
a 109 28 * a 15 1 1 56 800 0
a 233 242 * a 3 3 1 56 1800 0
a 98 232 * a 3 3 1 56 1800 0
a 157 124 * a 3 2 1 80 1800 0
a 109 252 * a 4 2 1 56 1600 0
a 253 254 * a 4 2 1 56 1600 0
a 222 247 * a 4 4 1 56 1600 0
a 255 214 * a 4 3 1 56 1600 0
a 217 221 * a 4 2 1 56 1600 0
a 256 55 * a 4 3 1 56 1600 0
a 257 258 * a 4 2 1 56 1600 0
a 259 110 * a 4 3 1 56 1600 0
a 216 259 * a 4 2 1 56 1600 0
a 205 253 * a 4 4 1 56 1600 0
a 106 104 * a 3 3 1 56 1800 0
a 104 246 * a 3 3 1 56 1800 0
a 246 240 * a 3 3 1 56 1800 0
a 260 149 * a 3 3 1 56 1800 0
a 155 261 * a 3 2 1 56 1800 0
a 261 250 * a 3 2 1 56 1800 0
a 93 38 * a 4 2 1 60 1600 0
a 262 38 * a 6 1 1 30 1000 0
a 38 262 * a 6 1 1 30 1000 0
a 51 262 * a 6 1 1 30 1000 0
a 262 51 * a 6 1 1 30 1000 0
a 262 198 * a 4 2 1 56 1600 0
a 263 168 * a 3 3 1 48 1800 0
a 93 16 * a 4 3 1 56 1600 0
a 16 93 * a 4 3 1 56 1600 0
a 193 264 * a 4 2 1 56 1600 0
a 264 114 * a 4 2 1 56 1600 0
a 265 134 * a 5 2 1 24 1200 0
a 152 266 * a 3 2 1 56 1800 0
a 266 146 * a 3 2 1 56 1800 0
a 134 152 * a 5 1 1 40 1200 0
a 152 134 * a 5 1 1 40 1200 0
a 152 267 * a 5 1 1 40 1200 0
a 267 152 * a 5 2 1 40 1200 0
a 138 265 * a 5 2 1 24 1200 0
a 268 237 * a 5 2 1 40 1200 0
a 145 72 * a 5 1 1 40 1200 0
a 72 145 * a 5 1 1 40 1200 0
a 145 269 * a 5 2 1 40 1200 0
a 269 270 * a 5 1 1 40 1200 0
a 270 27 * a 5 1 1 40 1200 0
a 69 26 * a 5 1 1 40 1200 0
a 26 69 * a 5 2 1 40 1200 0
a 271 69 * a 5 1 1 40 1200 0
a 69 271 * a 5 1 1 40 1200 0
a 272 271 * a 5 1 1 40 1200 0
a 271 272 * a 5 1 1 40 1200 0
a 45 272 * a 5 1 1 40 1200 0
a 272 45 * a 5 2 1 40 1200 0
a 273 45 * a 5 2 1 40 1200 0
a 45 273 * a 5 1 1 40 1200 0
a 248 274 * a 5 1 1 40 1200 0
a 274 248 * a 5 1 1 40 1200 0
a 75 275 * a 5 2 1 48 1200 0
a 275 75 * a 5 1 1 48 1200 0
a 275 276 * a 5 1 1 48 1200 0
a 276 275 * a 5 1 1 48 1200 0
a 276 277 * a 5 2 1 48 1200 0
a 277 276 * a 5 1 1 48 1200 0
a 277 194 * a 5 3 1 48 1200 0
a 194 277 * a 5 1 1 48 1200 0
a 82 278 * a 5 2 1 48 1200 0
a 78 279 * a 5 2 1 48 1200 0
a 280 126 * a 5 2 1 48 1200 0
a 126 280 * a 5 1 1 48 1200 0
a 129 24 * a 5 1 1 48 1200 0
a 24 129 * a 5 2 1 48 1200 0
a 62 202 * a 3 2 1 48 1800 0
a 4 281 * a 6 1 1 30 1000 0
a 281 4 * a 6 1 1 30 1000 0
a 281 243 * a 6 1 1 30 1000 0
a 243 281 * a 6 1 1 30 1000 0
a 188 95 * a 4 2 1 56 1600 0
a 120 188 * a 3 2 1 48 1800 0
a 60 282 * a 3 2 1 56 1800 0
a 27 283 * a 5 1 1 40 1200 0
a 283 284 * a 5 1 1 40 1200 0
a 117 59 * a 3 2 1 48 1800 0
a 263 285 * a 6 1 1 40 1000 0
a 285 263 * a 6 1 1 40 1000 0
a 125 280 * a 5 1 1 48 1200 0
a 280 125 * a 5 1 1 48 1200 0
a 90 169 * a 3 2 1 80 1800 0
a 169 53 * a 6 1 1 24 1000 0
a 33 142 * a 6 1 1 24 1000 0
a 142 33 * a 6 1 1 24 1000 0
a 130 90 * a 3 2 1 80 1800 0
a 89 156 * a 3 3 1 48 1800 0
a 83 31 * a 6 1 1 24 1000 0
a 31 83 * a 6 1 1 24 1000 0
a 286 7 * a 6 1 1 40 1000 0
a 7 286 * a 6 1 1 40 1000 0
a 274 273 * a 5 1 1 40 1200 0
a 273 274 * a 5 1 1 40 1200 0
a 147 287 * a 6 1 1 30 1000 0
a 287 147 * a 6 1 1 30 1000 0
a 4 288 * a 15 1 1 30 800 0
a 288 4 * a 15 1 1 30 800 0
a 288 103 * a 15 1 1 30 800 0
a 103 288 * a 15 1 1 30 800 0
a 281 289 * a 15 1 1 30 800 0
a 289 281 * a 15 1 1 30 800 0
a 290 115 * a 4 2 1 60 1600 0
a 115 290 * a 4 2 1 60 1600 0
a 291 193 * a 4 2 1 56 1600 0
a 21 290 * a 4 2 1 56 1600 0
a 42 21 * a 5 1 1 40 1200 0
a 21 42 * a 5 1 1 40 1200 0
a 292 47 * a 6 1 1 30 1000 0
a 231 293 * a 6 2 1 30 1000 0
a 293 231 * a 6 2 1 30 1000 0
a 20 294 * a 6 1 1 24 1000 0
a 294 20 * a 6 1 1 24 1000 0
a 295 113 * a 6 1 1 30 1000 0
a 113 295 * a 6 1 1 30 1000 0
a 111 262 * a 4 2 1 56 1600 0
a 88 111 * a 6 1 1 40 1000 0
a 111 88 * a 6 1 1 40 1000 0
a 38 20 * a 4 2 1 56 1600 0
a 111 20 * a 6 1 1 40 1000 0
a 20 111 * a 6 1 1 40 1000 0
a 37 18 * a 6 1 1 30 1000 0
a 18 37 * a 6 1 1 30 1000 0
a 49 263 * a 6 1 1 40 1000 0
a 263 49 * a 6 1 1 40 1000 0
a 172 50 * a 6 1 1 40 1000 0
a 50 172 * a 6 1 1 40 1000 0
a 6 112 * a 6 1 1 40 1000 0
a 112 6 * a 6 1 1 40 1000 0
a 14 175 * a 3 1 1 48 1800 0
a 187 92 * a 3 2 1 48 1800 0
a 23 92 * a 6 1 1 40 1000 0
a 92 23 * a 6 1 1 40 1000 0
a 124 91 * a 4 2 1 60 1600 0
a 292 296 * a 4 2 1 56 1600 0
a 296 292 * a 4 3 1 56 1600 0
a 141 67 * a 4 3 1 56 1600 0
a 67 141 * a 4 2 1 56 1600 0
a 67 292 * a 4 3 1 56 1600 0
a 292 67 * a 4 2 1 56 1600 0
a 207 99 * a 3 3 1 56 1800 0
a 99 207 * a 3 4 1 56 1800 0
a 243 97 * a 6 1 1 30 1000 0
a 97 243 * a 6 1 1 30 1000 0
a 122 236 * a 3 4 1 56 1800 0
a 236 122 * a 3 3 1 56 1800 0
a 96 116 * a 3 2 1 48 1800 0
a 266 136 * a 3 1 1 80 1800 0
a 148 147 * a 3 3 1 80 1800 0
a 184 178 * a 3 2 1 48 1800 0
a 184 14 * a 3 1 1 80 1800 0
a 115 42 * a 4 2 1 56 1600 0
a 290 297 * a 4 2 1 56 1600 0
a 297 291 * a 4 2 1 56 1600 0
a 53 89 * a 3 3 1 48 1800 0
a 90 31 * a 6 1 1 24 1000 0
a 92 298 * a 6 2 1 40 1000 0
a 298 92 * a 6 2 1 40 1000 0
a 299 70 * a 3 5 1 56 1800 0
a 70 299 * a 3 3 1 56 1800 0
a 65 292 * a 6 2 1 30 1000 0
a 284 145 * a 5 2 1 40 1200 0
a 243 101 * a 3 3 1 56 1800 0
a 103 300 * a 3 3 1 56 1800 0
a 300 234 * a 3 5 1 56 1800 0
a 17 263 * a 3 4 1 48 1800 0
a 154 260 * a 3 2 1 56 1800 0
a 244 241 * a 3 5 1 56 1800 0
a 166 162 * a 3 3 1 48 1800 0
a 254 255 * a 4 2 1 56 1600 0
a 252 204 * a 4 2 1 56 1600 0
a 301 231 * a 6 1 1 30 1000 0
a 231 301 * a 6 1 1 30 1000 0
a 124 10 * a 3 2 1 80 1800 0
a 157 43 * a 4 2 1 60 1600 0
a 84 169 * a 6 2 1 24 1000 0
a 195 200 * a 4 3 1 56 1600 0
a 200 195 * a 4 3 1 56 1600 0
a 199 302 * a 4 3 1 56 1600 0
a 302 199 * a 4 3 1 56 1600 0
a 302 189 * a 4 3 1 56 1600 0
a 189 302 * a 4 3 1 56 1600 0
a 200 199 * a 4 2 1 56 1600 0
a 185 95 * a 3 3 1 48 1800 0
a 23 132 * a 3 2 1 48 1800 0
a 95 257 * a 4 2 1 56 1600 0
a 258 256 * a 4 2 1 56 1600 0
a 171 129 * a 3 3 1 48 1800 0
a 112 176 * a 3 1 1 48 1800 0
a 289 288 * a 15 1 1 30 800 0
a 288 289 * a 15 1 1 30 800 0
a 288 303 * a 15 1 1 30 800 0
a 303 288 * a 15 1 1 30 800 0
a 303 302 * a 15 1 1 30 800 0
a 302 303 * a 15 1 1 30 800 0
a 196 304 * a 4 4 1 56 1600 0
a 304 196 * a 4 2 1 56 1600 0
a 304 191 * a 4 4 1 56 1600 0
a 191 304 * a 4 2 1 56 1600 0
a 211 305 * a 4 2 1 56 1600 0
a 39 306 * a 6 1 1 24 1000 0
a 306 39 * a 6 1 1 24 1000 0
a 27 301 * a 6 1 1 30 1000 0
a 301 27 * a 6 1 1 30 1000 0
a 86 136 * a 6 1 1 24 1000 0
a 136 86 * a 6 1 1 24 1000 0
a 76 40 * a 5 1 1 40 1200 0
a 40 76 * a 5 2 1 40 1200 0
a 128 307 * a 6 1 1 48 1000 0
a 307 128 * a 6 2 1 48 1000 0
a 278 127 * a 5 1 1 48 1200 0
a 127 76 * a 5 1 1 48 1200 0
a 278 76 * a 5 1 1 40 1200 0
a 76 278 * a 5 2 1 40 1200 0
a 279 74 * a 5 1 1 48 1200 0
a 279 79 * a 6 1 1 30 1000 0
a 79 279 * a 6 1 1 30 1000 0
a 74 79 * a 5 1 1 48 1200 0
a 79 3 * a 6 1 1 30 1000 0
a 3 79 * a 6 2 1 30 1000 0
a 122 308 * a 5 1 1 40 1200 0
a 140 219 * a 4 2 1 56 1600 0

